FLIGHT_NUMBER,DISTANCE,AIR_TIME,FREIGHT,PASSENGERS,ORIGIN_STATE_ABR,DEST_STATE_ABR,UNIQUE_CARRIER_ENTITY
1,854,107,0,146,CA,CO,6673
2,967,125,0,117,CO,CA,1006
3,967,121,0,119,CA,CO,1006
4,604,108,0,2,IA,CO,1126
5,488,72,0,43,CO,ND,6081
6,576,165,0,41,CO,ND,6081
7,488,82,0,35,ND,CO,6081
8,889,116,0,22,CO,MO,6081
9,889,124,0,38,MO,CO,6081
10,1464,196,0,0,NC,CO,6081
11,1199,168,800,0,GA,CO,6055
12,1278,167,0,0,CO,SC,6055
13,761,120,0,156,CO,CA,6035
14,604,72,0,0,NV,CO,6035
15,725,113,0,3,CO,CA,1150
16,735,210,0,4,CA,CO,1150
17,735,209,0,3,CO,CA,1150
18,292,47,0,2,UT,CO,1150
19,602,88,0,62,CO,AZ,0A050
20,1558,216,0,56,PA,CO,0A050
21,1184,152,0,160,GA,CO,1260
22,1199,172,0,30,GA,CO,1260
23,1199,156,14,150,GA,CO,1260
24,1184,148,0,160,CO,GA,1260
25,592,75,0,139,CO,TX,1260
26,230,54,492,103,WY,CO,1260
27,1199,132,0,4,CO,GA,1260
28,1199,152,0,129,CO,GA,1260
29,1199,143,0,62,CO,GA,1260
30,1069,128,0,0,CO,KY,1260
31,1123,137,0,148,CO,MI,1260
32,483,126,32,150,CO,SD,1260
33,628,92,0,149,CO,NV,1260
34,853,115,70,102,CO,CA,1260
35,391,70,0,50,CO,UT,1260
36,1123,151,5,147,MI,CO,1260
37,680,101,28,160,MN,CO,1260
38,495,76,0,156,OK,CO,1260
39,967,229,0,61,CA,CO,1260
40,391,53,0,52,UT,CO,1260
41,1671,255,0,0,CT,CO,6690
42,1136,140,0,0,CO,MI,6690
43,954,120,0,27,CA,CO,6690
44,150,36,4,126,NE,CO,0A875
45,1201,151,10064,70,CO,OH,0A875
46,967,190,0,152,CO,MS,0A875
47,862,116,1,122,CO,CA,0A875
48,1709,270,0,174,CO,FL,0A875
49,1482,217,0,163,CO,VA,0A875
50,541,79,10064,58,MO,CO,0A875
51,967,119,0,200,CO,CA,10877
52,73,41,2628,281,CO,CO,6725
53,90,45,1614,278,WY,CO,6725
54,90,23,252,175,WY,CO,6725
55,602,137,1280,141,TX,CO,6725
56,1359,213,151,142,CO,NY,6725
57,929,148,167,160,CO,TX,6725
58,1250,198,120,164,CO,FL,6725
59,1095,156,0,143,CO,MS,6725
60,1278,210,0,132,CO,SC,6725
61,456,115,0,143,CO,TX,6725
62,771,112,0,165,CO,AR,6725
63,943,141,1348,140,CA,CO,6725
64,73,19,0,120,CO,CO,11033
65,764,132,0,1,CO,TX,1194
66,903,132,0,0,CO,IL,1194
67,937,126,0,1,CO,CA,1194
68,764,102,0,1,TX,CO,1194
69,1166,162,0,0,OH,CO,1194
70,919,132,0,6,TX,CO,1194
71,628,90,0,0,CO,NV,16736
72,595,161,0,30,AZ,CO,1130
73,1049,151,0,15,TX,CO,1130
74,957,132,0,21,CO,CA,1130
75,1120,142,0,0,CO,MI,1130
76,391,186,0,45,CO,UT,1130
77,312,41,0,138,UT,CO,1130
78,312,49,0,138,CO,UT,1130
79,1413,196,0,0,NY,CO,1130
80,541,82,0,20,OK,CO,1130
81,957,125,8878,0,CO,CA,6774
82,870,120,8878,0,IL,CO,6774
83,896,110,0,14,CO,WI,1189
84,804,106,0,13,NV,CO,1189
85,632,369,0,286,CO,AZ,6795
86,637,102,0,149,CO,AZ,6795
87,632,175,0,129,AZ,CO,6795
88,637,175,0,148,AZ,CO,6795
89,436,179,0,93,AZ,CO,6795
90,598,169,0,156,AZ,CO,6795
91,436,183,0,93,CO,AZ,6795
92,598,182,0,154,CO,AZ,6795
93,1070,160,270,0,AL,CO,6912
94,967,155,270,0,CO,CA,6912
95,1069,3343,627144,0,KY,CO,6841
96,1069,2944,431309,0,CO,KY,6841
97,73,19,0,156,CO,CO,6031
98,1068,148,0,156,WA,CO,6031
99,150,29,0,49,NE,CO,6904
100,495,114,0,34,CO,OK,6904
101,22,13,0,5,CO,CO,6975
102,150,1956,0,329,NE,CO,6975
103,292,1405,0,116,KS,CO,6975
104,150,1733,0,343,CO,NE,6975
105,292,1491,0,176,CO,KS,6975
106,0,176,0,37,CO,CO,6975
107,305,3767,0,645,CO,NE,6975
108,228,2635,0,423,CO,NE,6975
109,280,1299,0,82,CO,KS,6975
110,305,4462,0,600,NE,CO,6975
111,228,2947,0,422,NE,CO,6975
112,274,87,0,5,KS,CO,6975
113,280,1524,0,153,KS,CO,6975
114,420,103,0,5,CO,AZ,6932
115,231,60,0,5,CO,NM,6932
116,0,84,0,6,CO,CO,1177
117,150,45,0,20,NE,CO,6081
118,519,67,0,40,CO,SD,6081
119,576,81,0,34,CO,ND,6081
120,576,260,0,121,ND,CO,6081
121,420,60,0,113,CO,NV,6035
122,420,60,0,151,NV,CO,6035
123,73,20,450,150,CO,CO,0A050
124,592,78,0,133,CO,TX,0A050
125,403,85,0,124,CO,KS,0A050
126,1754,207,428,168,CO,MA,0A050
127,862,115,0,74,CO,CA,0A050
128,771,106,550,150,CO,AR,0A050
129,1546,196,0,154,FL,CO,0A050
130,911,138,450,150,IL,CO,0A050
131,1436,201,0,142,NC,CO,0A050
132,967,140,0,150,CA,CO,0A050
133,411,71,0,133,UT,CO,0A050
134,862,136,0,101,CO,CA,1260
135,680,86,0,110,CO,MN,1260
136,680,176,0,281,CO,MN,1260
137,391,60,0,155,CO,UT,1260
138,1123,154,6,154,MI,CO,1260
139,680,103,53,106,MN,CO,1260
140,680,95,21,160,MN,CO,1260
141,541,74,0,70,CO,OK,7041
142,1015,132,0,55,MI,CO,7041
143,391,61,0,35,WY,CO,6700
144,746,97,0,0,CO,AR,6700
145,734,100,0,0,CO,MT,6700
146,580,85,0,46,CO,AZ,6700
147,230,41,0,48,WY,CO,6700
148,1487,191,0,0,VA,CO,6700
149,349,52,0,70,CO,NM,6700
150,1199,183,0,62,CO,GA,6700
151,775,129,0,69,CO,TX,6700
152,692,89,0,58,CO,IA,6700
153,391,64,0,45,CO,WY,6700
154,230,37,0,43,CO,WY,6700
155,641,91,0,67,CO,TX,6700
156,1015,137,0,69,CO,MI,6700
157,862,118,0,0,CO,TX,6700
158,406,64,0,69,CO,WY,6700
159,771,98,0,48,CO,AR,6700
160,964,127,0,63,CO,OR,6700
161,472,61,0,63,CO,NE,6700
162,888,114,0,65,CO,IL,6700
163,898,133,0,40,CO,OR,6700
164,853,112,0,76,CO,CA,6700
165,1024,130,0,50,CO,KY,6700
166,967,147,0,0,CO,CA,6700
167,967,134,0,0,CO,CA,6700
168,846,110,0,68,CO,CA,6700
169,557,86,0,73,CO,ID,6700
170,592,86,0,0,TX,CO,6700
171,655,84,0,0,CO,CA,6700
172,862,122,0,0,TX,CO,6700
173,406,57,0,34,WY,CO,6700
174,113,51,0,53,WY,CO,6700
175,862,113,0,0,CA,CO,6700
176,771,110,0,62,AR,CO,6700
177,964,122,0,16,OR,CO,6700
178,734,93,0,0,MT,CO,6700
179,888,134,0,0,IL,CO,6700
180,991,131,0,76,OR,CO,6700
181,730,111,0,41,WA,CO,6700
182,853,122,0,69,CA,CO,6700
183,794,107,0,65,TX,CO,6700
184,496,105,0,45,UT,CO,6700
185,909,118,0,68,CA,CO,6700
186,846,114,0,67,CA,CO,6700
187,349,48,1,140,NM,CO,0A875
188,1671,218,0,151,CT,CO,0A875
189,1754,235,0,127,MA,CO,0A875
190,524,67,0,84,MT,CO,0A875
191,349,52,0,144,CO,NM,0A875
192,455,66,55,154,CO,MT,0A875
193,1754,194,865,150,CO,MA,0A875
194,524,74,181,144,CO,MT,0A875
195,1069,144,0,89,CO,KY,0A875
196,1123,128,0,86,CO,MI,0A875
197,1703,203,0,126,CO,FL,0A875
198,1452,179,0,200,CO,VA,0A875
199,862,113,0,126,CO,TX,0A875
200,628,89,10,106,CO,NV,0A875
201,533,70,703,137,CO,MO,0A875
202,1546,184,0,102,CO,FL,0A875
203,888,111,0,121,CO,IL,0A875
204,1558,175,55,134,CO,PA,0A875
205,776,102,0,99,CO,CA,0A875
206,1482,178,0,128,CO,VA,0A875
207,804,113,0,105,CO,NV,0A875
208,391,69,77,126,CO,UT,0A875
209,770,97,0,162,CO,MO,0A875
210,770,95,0,119,CO,MO,0A875
211,541,63,11,124,CO,OK,0A875
212,1452,185,306,173,VA,CO,0A875
213,862,119,0,161,TX,CO,0A875
214,862,110,0,207,TX,CO,0A875
215,533,80,0,107,MO,CO,0A875
216,1546,204,85,166,FL,CO,0A875
217,776,105,0,164,CA,CO,0A875
218,776,105,42,97,CA,CO,0A875
219,1482,200,0,138,VA,CO,0A875
220,804,99,0,38,NV,CO,0A875
221,794,107,117,128,TX,CO,0A875
222,916,119,0,109,CA,CO,0A875
223,967,122,508,129,CA,CO,0A875
224,967,215,8694,385,CA,CO,0A875
225,846,114,0,159,CA,CO,0A875
226,770,109,0,157,MO,CO,0A875
227,770,111,24,125,MO,CO,0A875
228,541,86,23,123,OK,CO,0A875
229,1449,248,85,107,SC,CO,6725
230,1201,164,1026,139,OH,CO,6725
231,349,51,0,128,CO,NM,6725
232,649,97,944,121,CO,ID,6725
233,1123,137,110,140,CO,MI,6725
234,1015,128,96,128,CO,MI,6725
235,896,104,0,136,CO,WI,6725
236,991,138,0,133,CO,OR,6725
237,1558,180,377,138,CO,PA,6725
238,804,118,760,139,CO,NV,6725
239,1607,200,0,163,CO,FL,6725
240,541,73,26,141,CO,OK,6725
241,1123,153,160,123,MI,CO,6725
242,1015,137,0,84,MI,CO,6725
243,1062,137,345,175,LA,CO,6725
244,1290,189,569,143,PA,CO,6725
245,804,102,0,140,NV,CO,6725
246,1607,212,0,171,FL,CO,6725
247,909,118,6,140,CA,CO,6725
248,1199,159,0,61,GA,CO,6003
249,73,17,0,73,CO,CO,6003
250,1201,139,0,70,CO,OH,6003
251,73,21,0,65,CO,CO,6003
252,589,74,0,60,CO,IA,6003
253,420,64,0,33,CO,KS,6003
254,472,64,0,65,CO,NE,6003
255,391,66,0,69,CO,UT,6003
256,420,68,0,52,KS,CO,6003
257,1024,153,0,67,KY,CO,6003
258,541,80,0,52,OK,CO,6003
259,1069,143,0,134,KY,CO,6460
260,1154,142,0,143,CO,OH,6460
261,1123,133,0,64,CO,MI,6460
262,862,109,0,178,CO,TX,6460
263,977,135,0,113,CO,IN,6460
264,1546,189,0,180,CO,FL,6460
265,1546,183,0,126,CO,FL,6460
266,679,95,0,136,CO,MT,6460
267,888,111,0,180,CO,IL,6460
268,888,113,0,110,CO,IL,6460
269,602,83,0,145,CO,AZ,6460
270,770,93,0,151,CO,MO,6460
271,1162,123,0,136,CO,TN,6460
272,1123,154,0,142,MI,CO,6460
273,1452,194,0,132,VA,CO,6460
274,862,125,0,171,TX,CO,6460
275,977,145,0,150,IN,CO,6460
276,1546,192,0,169,FL,CO,6460
277,679,84,0,102,MT,CO,6460
278,888,134,0,180,IL,CO,6460
279,602,88,0,142,AZ,CO,6460
280,770,121,0,152,MO,CO,6460
281,1506,188,0,4,FL,CO,6460
282,1162,159,0,140,TN,CO,6460
283,641,159,16753,0,CO,TX,6200
284,977,115,14986,0,CO,IN,6200
285,533,181,50142,0,CO,MO,6200
286,1062,151,23383,0,CO,LA,6200
287,391,72,47075,0,CO,UT,6200
288,639,90,42470,0,CO,AZ,6200
289,216,42,42190,0,CO,UT,6200
290,977,129,13780,0,IN,CO,6200
291,533,82,114987,0,MO,CO,6200
292,1061,198,42190,0,TN,CO,6200
293,957,115,30465,0,CA,CO,6200
294,1123,133,0,144,CO,MI,6830
295,862,142,0,127,TX,CO,6830
296,593,99,0,66,CO,OK,6689
297,250,53,0,45,CO,CO,6904
298,250,45,0,47,CO,CO,6904
299,1015,141,0,43,MI,CO,6904
300,722,97,0,44,TX,CO,6820
301,722,120,1,48,CO,TX,6820
302,383,436,0,88,CO,KS,6932
303,383,526,0,94,KS,CO,6932
304,773,124,0,47,CO,MO,6085
305,73,23,0,47,CO,CO,6085
306,862,136,0,47,TX,CO,6085
307,886,127,0,49,TX,CO,6085
308,1026,138,18239,0,CO,WA,6910
309,628,86,32891,0,CO,NV,6910
310,1024,123,25727,0,CO,KY,6910
311,391,60,14991,0,UT,CO,6910
312,391,57,66035,0,UT,CO,6910
313,991,309,0,267,CO,OR,0A050
314,862,274,428,322,CA,CO,0A050
315,1558,422,0,267,PA,CO,0A050
316,680,179,188,251,CO,MN,1260
317,680,174,70,356,CO,MN,1260
318,391,108,0,287,UT,CO,1260
319,1015,241,0,133,CO,MI,7041
320,589,176,0,122,IA,CO,7041
321,73,38,0,125,CO,CO,6700
322,73,36,0,124,CO,CO,6700
323,212,83,0,87,CO,CO,6700
324,624,191,0,91,CO,MT,6700
325,991,287,0,146,CO,OR,6700
326,794,227,0,138,CO,TX,6700
327,833,129,0,0,CA,CO,6700
328,89,73,0,73,CO,CO,6700
329,212,76,0,64,CO,CO,6700
330,773,196,0,0,CO,TX,6700
331,624,161,0,65,MT,CO,6700
332,1100,394,0,96,IL,CO,6700
333,853,243,0,145,CA,CO,6700
334,616,178,0,108,AR,CO,6700
335,1199,310,375,223,GA,CO,0A875
336,1069,294,106,112,KY,CO,0A875
337,1476,413,0,314,VA,CO,0A875
338,1199,296,1391,275,CO,GA,0A875
339,1754,440,0,244,CO,MA,0A875
340,1476,334,0,322,CO,VA,0A875
341,836,230,46,269,CO,WA,0A875
342,420,107,0,180,CO,KS,0A875
343,1436,328,33,318,CO,NC,0A875
344,916,241,0,205,CO,CA,0A875
345,1506,385,104,243,CO,FL,0A875
346,639,182,114,250,CO,AZ,0A875
347,996,236,0,273,OR,CO,0A875
348,1605,450,19,211,NJ,CO,0A875
349,836,205,62,255,WA,CO,0A875
350,1015,286,4,220,MI,CO,0A875
351,420,136,20,149,KS,CO,0A875
352,628,175,0,166,NV,CO,0A875
353,1506,381,1,243,FL,CO,0A875
354,639,172,7,228,AZ,CO,0A875
355,649,166,0,217,ID,CO,6725
356,349,101,173,49,CO,NM,6725
357,1491,363,190,165,CO,MD,6725
358,1449,345,59,274,CO,SC,6725
359,1154,283,1128,254,CO,OH,6725
360,836,237,431,265,CO,WA,6725
361,1024,270,208,253,CO,KY,6725
362,391,124,565,204,CO,UT,6725
363,836,207,0,281,WA,CO,6725
364,991,245,1579,274,OR,CO,6725
365,853,239,13,275,CA,CO,6725
366,1024,260,43,256,WA,CO,6725
367,948,252,210,236,CA,CO,6725
368,1154,334,0,104,OH,CO,6003
369,1083,251,0,112,CO,AL,6003
370,1154,270,0,137,CO,OH,6003
371,680,188,0,132,CO,MN,6003
372,541,139,0,127,CO,OK,6003
373,495,149,0,137,OK,CO,6003
374,826,210,0,274,CO,WI,6460
375,680,177,0,295,CO,MN,6460
376,1436,311,0,290,CO,NC,6460
377,794,198,0,299,CO,TX,6460
378,826,258,0,242,WI,CO,6460
379,1436,416,0,289,NC,CO,6460
380,794,215,0,299,TX,CO,6460
381,455,118,39954,0,CO,MT,6200
382,563,195,67964,0,CO,TX,6200
383,1069,326,0,143,KY,CO,7024
384,1069,248,0,139,CO,KY,7024
385,391,114,33216,0,CO,UT,6910
386,641,307,2100,396,TX,CO,0A050
387,524,206,0,177,MT,CO,7041
388,524,239,0,199,CO,MT,7041
389,680,277,0,199,CO,MN,7041
390,1024,362,0,191,CO,KY,7041
391,752,353,0,166,IL,CO,7041
392,1024,449,0,199,KY,CO,7041
393,349,167,0,166,NM,CO,6700
394,359,168,0,143,TX,CO,6700
395,524,211,0,136,MT,CO,6700
396,359,160,0,119,CO,TX,6700
397,524,239,0,193,CO,MT,6700
398,1069,424,0,211,CO,KY,6700
399,1085,381,0,192,CO,OH,6700
400,1015,350,0,203,CO,MI,6700
401,456,188,0,115,CO,TX,6700
402,196,102,0,135,CO,CO,6700
403,819,357,0,141,CO,CA,6700
404,602,265,0,192,CO,AZ,6700
405,776,334,0,131,CO,CA,6700
406,898,368,0,131,CO,OR,6700
407,794,312,0,201,CO,TX,6700
408,541,230,0,206,CO,OK,6700
409,589,298,0,147,IA,CO,6700
410,655,388,0,89,CA,CO,6700
411,456,211,0,90,TX,CO,6700
412,196,113,0,140,CO,CO,6700
413,819,335,0,147,CA,CO,6700
414,602,243,0,204,AZ,CO,6700
415,300,146,0,107,SD,CO,6700
416,850,329,0,333,CA,CO,0A875
417,1491,635,133,368,MD,CO,0A875
418,1337,544,130,446,NC,CO,0A875
419,1199,440,472,358,CO,GA,0A875
420,1605,547,568,346,CO,NJ,0A875
421,533,216,0,462,CO,MO,0A875
422,776,305,0,331,CO,CA,0A875
423,495,219,64,471,OK,CO,0A875
424,888,374,1505,346,IL,CO,0A875
425,776,305,34,379,CA,CO,0A875
426,1436,575,20,482,NC,CO,0A875
427,349,179,884,336,NM,CO,6725
428,1610,679,0,465,NY,CO,6725
429,1199,502,119,412,GA,CO,6725
430,1671,716,1352,394,CT,CO,6725
431,1449,517,451,513,CO,SC,6725
432,977,355,368,388,CO,IN,6725
433,854,364,0,383,CO,CA,6725
434,533,226,318,400,CO,MO,6725
435,1062,260,137,347,CO,LA,6725
436,1062,388,107,424,CO,LA,6725
437,472,189,40,391,CO,NE,6725
438,819,351,2230,385,CO,CA,6725
439,1553,523,95,417,CO,VA,6725
440,794,323,0,481,CO,TX,6725
441,1024,461,1828,417,CO,WA,6725
442,948,386,18,330,CO,CA,6725
443,909,389,326,350,CO,CA,6725
444,639,274,559,374,CO,AZ,6725
445,977,463,1105,395,IN,CO,6725
446,854,342,0,380,CA,CO,6725
447,1062,433,0,427,LA,CO,6725
448,472,212,397,311,NE,CO,6725
449,819,333,833,400,CA,CO,6725
450,1553,630,0,508,VA,CO,6725
451,349,169,0,203,NM,CO,6003
452,1083,455,0,144,AL,CO,6003
453,1201,523,0,200,OH,CO,6003
454,349,152,0,193,CO,NM,6003
455,1014,375,0,190,CO,TN,6003
456,563,250,0,169,CO,TX,6003
457,872,318,0,197,CO,TN,6003
458,495,216,0,213,CO,OK,6003
459,616,237,0,122,CO,AR,6003
460,641,291,0,198,TX,CO,6003
461,589,273,0,196,IA,CO,6003
462,872,353,0,200,TN,CO,6003
463,680,277,0,198,MN,CO,6003
464,1062,425,0,197,LA,CO,6003
465,472,222,0,206,NE,CO,6003
466,794,330,0,192,TX,CO,6003
467,616,272,0,130,AR,CO,6003
468,692,289,0,425,IA,CO,6460
469,692,271,0,424,CO,IA,6460
470,977,344,0,445,CO,IN,6460
471,977,420,0,517,IN,CO,6460
472,680,281,0,381,MN,CO,6460
473,455,204,0,126,MT,CO,6904
474,455,209,0,100,CO,MT,6904
475,637,244,0,123,CO,MO,6904
476,792,306,0,132,CO,LA,6904
477,639,286,0,141,CO,AZ,6904
478,533,258,0,143,MO,CO,6904
479,792,342,0,92,LA,CO,6904
480,639,280,0,139,AZ,CO,6904
481,911,392,0,142,IL,CO,6085
482,819,311,70464,0,CA,CO,6910
483,655,363,0,126,CO,CA,1131
484,655,358,0,169,CA,CO,1131
485,641,337,0,483,CO,TX,0A050
486,641,380,11,541,TX,CO,0A050
487,349,229,0,210,NM,CO,7041
488,349,210,0,265,CO,NM,7041
489,641,361,0,255,CO,TX,7041
490,641,364,0,274,TX,CO,7041
491,836,516,0,188,CO,WA,6700
492,679,425,0,260,CO,MT,6700
493,680,365,0,277,CO,MN,6700
494,637,332,0,236,CO,MO,6700
495,640,350,0,164,CO,CA,6700
496,836,436,0,187,WA,CO,6700
497,640,344,0,160,CA,CO,6700
498,533,352,0,191,MO,CO,6700
499,679,361,0,168,MT,CO,6700
500,680,414,0,293,MN,CO,6700
501,472,317,0,144,NE,CO,6700
502,637,362,0,253,MO,CO,6700
503,1199,648,153,462,GA,CO,0A875
504,524,291,0,509,MT,CO,0A875
505,692,405,31,395,IA,CO,0A875
506,1154,653,225,577,OH,CO,0A875
507,1154,668,484,540,OH,CO,0A875
508,1069,572,24,438,KY,CO,0A875
509,649,356,575,555,CO,ID,0A875
510,524,295,125,623,CO,MT,0A875
511,1337,621,111,571,CO,NC,0A875
512,1154,552,104,588,CO,OH,0A875
513,1154,538,276,503,CO,OH,0A875
514,996,535,5,479,CO,OR,0A875
515,752,405,119,545,CO,MT,0A875
516,3414,1681,0,638,CO,HI,0A875
517,826,528,5,754,CO,WI,0A875
518,1062,533,209,456,CO,LA,0A875
519,1558,738,1272,615,CO,PA,0A875
520,1558,700,593,397,CO,PA,0A875
521,804,459,24,497,CO,NV,0A875
522,967,484,3711,668,CO,CA,0A875
523,1123,635,5,684,MI,CO,0A875
524,752,401,5,397,MT,CO,0A875
525,3414,1526,0,642,HI,CO,0A875
526,826,461,112,617,WI,CO,0A875
527,804,408,19,650,NV,CO,0A875
528,349,209,1861,660,NM,CO,6725
529,1449,768,0,624,SC,CO,6725
530,775,411,505,506,CO,TX,6725
531,1553,718,36,651,CO,VA,6725
532,853,466,0,549,CO,CA,6725
533,794,410,387,553,CO,TX,6725
534,948,508,509,677,CO,CA,6725
535,896,510,165,561,WI,CO,6725
536,680,391,1591,543,MN,CO,6725
537,1553,853,0,542,VA,CO,6725
538,794,436,0,649,TX,CO,6725
539,391,237,8,516,UT,CO,6725
540,639,360,82,551,AZ,CO,6725
541,977,493,0,276,CO,IN,6003
542,794,422,0,256,CO,TX,6003
543,563,339,0,242,TX,CO,6003
544,391,232,0,208,UT,CO,6003
545,896,460,0,693,CO,WI,6460
546,846,466,0,561,CO,CA,6460
547,896,527,0,577,WI,CO,6460
548,846,434,0,567,CA,CO,6460
549,680,353,0,505,CO,MN,6795
550,420,236,0,185,CO,KS,6904
551,420,264,0,158,KS,CO,6904
552,1081,401,0,146,CO,IL,6820
553,1081,593,0,211,IL,CO,6820
554,850,472,153735,0,CO,CA,6910
555,1024,499,243523,0,CO,KY,6910
556,391,240,173084,0,CO,UT,6910
557,391,212,171992,0,UT,CO,6910
558,692,440,0,281,CO,IA,7041
559,977,609,0,308,CO,IN,7041
560,977,657,0,328,IN,CO,7041
561,455,335,0,163,MT,CO,6700
562,1199,791,0,359,CO,GA,6700
563,455,350,0,180,CO,MT,6700
564,1201,790,0,365,CO,OH,6700
565,250,225,0,280,CO,CO,6700
566,752,508,0,314,CO,MT,6700
567,420,316,0,364,CO,KS,6700
568,533,407,0,228,CO,MO,6700
569,872,572,0,299,CO,TN,6700
570,604,403,0,192,CO,ND,6700
571,472,263,0,142,CO,NE,6700
572,916,662,0,197,CO,CA,6700
573,250,235,0,230,CO,CO,6700
574,533,404,0,335,MO,CO,6700
575,872,638,0,357,TN,CO,6700
576,776,426,0,124,CA,CO,6700
577,391,235,0,201,UT,CO,6700
578,649,437,471,738,ID,CO,0A875
579,1337,907,99,852,NC,CO,0A875
580,1491,856,62,581,CO,MD,0A875
581,692,441,4,461,CO,IA,0A875
582,1337,816,24,813,CO,NC,0A875
583,1069,660,90,500,CO,KY,0A875
584,1605,900,31037,1483,CO,NJ,0A875
585,836,587,136,528,CO,WA,0A875
586,964,681,42,632,CO,OR,0A875
587,819,542,8,602,CO,CA,0A875
588,948,758,155,694,CO,CA,0A875
589,909,623,0,592,CO,CA,0A875
590,639,456,128,490,CO,AZ,0A875
591,1703,1117,52,823,FL,CO,0A875
592,836,506,33,564,WA,CO,0A875
593,533,399,109,697,MO,CO,0A875
594,495,355,0,804,OK,CO,0A875
595,819,528,54,656,CA,CO,0A875
596,991,618,460,699,OR,CO,0A875
597,1024,634,50,605,WA,CO,0A875
598,948,621,0,613,CA,CO,0A875
599,639,476,27,619,AZ,CO,0A875
600,1014,736,1612,619,TN,CO,6725
601,854,598,0,633,CO,CA,6725
602,680,448,1845,665,CO,MN,6725
603,770,498,1226,697,CO,MO,6725
604,883,622,1674,686,TX,CO,6725
605,854,564,0,673,CA,CO,6725
606,495,350,139,715,OK,CO,6725
607,1290,899,0,821,PA,CO,6725
608,770,592,832,700,MO,CO,6725
609,770,545,0,331,MO,CO,6003
610,602,442,0,877,CO,AZ,6460
611,602,396,0,1091,AZ,CO,6460
612,680,474,0,653,MN,CO,6795
613,692,449,0,209,CO,IA,6904
614,90,133,0,14,WY,CO,6932
615,90,135,0,13,CO,WY,6932
616,872,640,0,387,CO,TN,7041
617,680,598,0,390,MN,CO,7041
618,1081,809,0,349,CO,IL,7041
619,1081,902,0,332,IL,CO,7041
620,1199,1019,0,382,GA,CO,6700
621,1201,1029,0,421,OH,CO,6700
622,834,740,0,363,CO,CA,6700
623,1337,1020,0,412,CO,NC,6700
624,964,828,0,272,CO,OR,6700
625,1040,939,0,190,CO,OR,6700
626,589,515,0,330,IA,CO,6700
627,752,603,0,329,MT,CO,6700
628,420,389,0,384,KS,CO,6700
629,872,716,0,392,TN,CO,6700
630,604,492,0,325,ND,CO,6700
631,1040,790,0,222,OR,CO,6700
632,898,642,0,300,OR,CO,6700
633,916,774,0,248,CA,CO,6700
634,541,482,0,382,OK,CO,6700
635,639,544,0,375,AZ,CO,6700
636,775,618,174,937,TX,CO,0A875
637,1123,829,86,850,CO,MI,0A875
638,1015,719,0,727,CO,MI,0A875
639,977,690,0,930,CO,IN,0A875
640,533,436,0,795,CO,MO,0A875
641,896,647,2,780,CO,WI,0A875
642,1062,781,0,811,CO,LA,0A875
643,1605,1246,65896,2053,NJ,CO,0A875
644,977,822,0,954,IN,CO,0A875
645,977,854,34,755,IN,CO,0A875
646,964,713,0,755,OR,CO,0A875
647,896,771,122,817,WI,CO,0A875
648,1558,1270,121,761,PA,CO,0A875
649,1703,1240,0,801,CO,FL,6725
650,1447,1242,391,1157,CO,FL,6725
651,533,424,8,989,CO,MO,6725
652,957,798,889,753,CO,CA,6725
653,495,407,497,994,CO,OK,6725
654,1447,1138,0,915,FL,CO,6725
655,967,717,1786,885,CA,CO,6725
656,391,348,1409,1002,UT,CO,6725
657,1199,981,0,398,GA,CO,6003
658,1199,738,0,308,CO,GA,6003
659,641,588,0,400,CO,TX,6003
660,472,373,0,387,CO,NE,6003
661,1024,771,0,397,CO,KY,6003
662,207,215,125368,0,CO,CO,6200
663,872,659,367675,0,CO,TN,6200
664,872,652,460413,0,CO,TN,6200
665,207,227,66319,0,CO,CO,6200
666,872,716,465747,0,TN,CO,6200
667,483,404,0,251,CO,SD,6904
668,420,444,0,921,CO,NV,6035
669,420,408,0,858,NV,CO,6035
670,1162,960,0,453,CO,TN,7041
671,1162,1116,0,450,TN,CO,7041
672,775,779,0,419,TX,CO,6700
673,845,831,0,448,CA,CO,6700
674,1337,1380,0,503,NC,CO,6700
675,212,257,0,430,CO,CO,6700
676,1482,1283,0,489,CO,VA,6700
677,1482,1601,0,480,VA,CO,6700
678,455,427,123,843,MT,CO,0A875
679,649,646,0,877,ID,CO,0A875
680,850,776,94,630,CA,CO,0A875
681,455,461,314,904,CO,MT,0A875
682,649,620,495,862,CO,ID,0A875
683,850,832,89,701,CO,CA,0A875
684,589,535,694,869,CO,IA,0A875
685,996,950,9,802,CO,OR,0A875
686,996,929,34,706,CO,OR,0A875
687,896,759,4,1153,CO,WI,0A875
688,495,495,57,772,CO,OK,0A875
689,1290,1070,608,761,CO,PA,0A875
690,391,444,2692,780,CO,UT,0A875
691,589,568,193,1034,IA,CO,0A875
692,996,836,0,938,OR,CO,0A875
693,533,577,0,895,MO,CO,0A875
694,896,912,10,1158,WI,CO,0A875
695,1558,1460,327,1054,PA,CO,0A875
696,1290,1210,51,807,PA,CO,0A875
697,541,535,1,844,OK,CO,0A875
698,775,769,688,953,TX,CO,6725
699,1201,1165,3842,1150,OH,CO,6725
700,1605,1315,1096,1144,CO,NJ,6725
701,1179,1010,0,944,CO,FL,6725
702,1436,1159,3608,1152,CO,NC,6725
703,1179,1094,0,959,FL,CO,6725
704,541,581,76,928,OK,CO,6725
705,692,759,0,290,IA,CO,6904
706,141,216,0,298,CO,CO,6904
707,483,491,0,294,SD,CO,6904
708,1024,825,433940,0,CO,KY,6910
709,1024,978,579794,0,KY,CO,6910
710,602,665,0,876,CO,AZ,0A050
711,602,665,0,1007,AZ,CO,0A050
712,1201,1167,0,523,CO,OH,7041
713,1069,1243,0,530,KY,CO,6700
714,639,625,0,397,CO,AZ,6700
715,495,579,0,464,OK,CO,6700
716,775,854,393,972,TX,CO,0A875
717,775,822,24,642,CO,TX,0A875
718,1671,1538,500,1038,CO,CT,0A875
719,1123,1149,1089,1017,CO,MI,0A875
720,1703,1695,47,1240,CO,FL,0A875
721,1620,1542,62,945,CO,NY,0A875
722,826,791,24,1016,CO,WI,0A875
723,680,731,4189,1072,CO,MN,0A875
724,1024,1118,55,1323,CO,WA,0A875
725,541,593,8,922,CO,OK,0A875
726,996,1000,0,812,OR,CO,0A875
727,1062,1143,458,1170,LA,CO,0A875
728,391,474,305,1232,UT,CO,0A875
729,836,955,1918,1209,CO,WA,6725
730,883,968,817,1010,CO,TX,6725
731,862,924,1092,1105,CO,CA,6725
732,495,559,1610,986,CO,OK,6725
733,602,704,1273,1099,CO,AZ,6725
734,967,1063,2813,1062,CO,CA,6725
735,628,689,208,1048,NV,CO,6725
736,533,670,284,1056,MO,CO,6725
737,1436,1567,1163,1313,NC,CO,6725
738,1014,1096,0,525,TN,CO,6003
739,964,1146,0,917,CO,CA,6460
740,964,933,0,905,CA,CO,6460
741,957,1011,147267,0,CO,CA,6200
742,152,315,0,371,CO,CO,6904
743,152,290,0,245,CO,CO,6904
744,141,248,0,344,CO,CO,6904
745,543,702,0,1299,AZ,CO,6035
746,543,696,0,1257,CO,AZ,6035
747,604,786,0,1268,CO,NV,6035
748,655,852,0,1267,CO,CA,6035
749,604,738,0,1272,NV,CO,6035
750,655,804,0,1184,CA,CO,6035
751,665,942,0,308,MO,CO,1158
752,665,768,0,344,CO,MO,1158
753,692,842,0,356,CO,IA,6700
754,752,981,0,651,CO,MT,6700
755,495,659,0,409,CO,OK,6700
756,495,624,0,549,CO,OK,6700
757,752,944,0,570,MT,CO,6700
758,212,363,0,486,CO,CO,6700
759,964,1178,0,630,OR,CO,6700
760,1491,1909,38,1215,MD,CO,0A875
761,977,1067,404,1254,CO,IN,0A875
762,991,1173,81,1266,CO,OR,0A875
763,1123,1339,679,1185,MI,CO,0A875
764,996,1068,3,1144,OR,CO,0A875
765,977,1228,395,1259,IN,CO,0A875
766,826,1076,224,1183,WI,CO,0A875
767,1199,1340,882,1056,CO,GA,6725
768,1671,1684,8211,1296,CO,CT,6725
769,977,1227,2897,1501,IN,CO,6725
770,680,876,3031,1369,MN,CO,6725
771,794,1041,219,1151,TX,CO,6725
772,1476,1593,0,1275,CO,VA,6460
773,1024,1259,297183,0,KY,CO,6910
774,1154,1699,0,724,OH,CO,6700
775,850,1252,0,444,CO,CA,6700
776,1154,1482,0,690,CO,OH,6700
777,639,991,0,667,CO,AZ,6700
778,770,1176,0,486,MO,CO,6700
779,1671,2224,178,1341,CT,CO,0A875
780,1491,1727,509,1358,CO,MD,0A875
781,589,723,1925,1248,CO,IA,0A875
782,483,688,56,1089,CO,SD,0A875
783,776,1050,131,1073,CO,CA,0A875
784,589,856,110,1261,IA,CO,0A875
785,1452,1971,501,1472,VA,CO,0A875
786,1062,1403,259,1663,LA,CO,0A875
787,819,1031,255,1618,CA,CO,0A875
788,776,1008,0,916,CA,CO,0A875
789,1201,1408,3391,1332,CO,OH,6725
790,628,888,321,1178,CO,NV,6725
791,680,885,1259,1691,CO,MN,6725
792,1024,1336,2736,1359,CO,KY,6725
793,495,737,1541,1336,OK,CO,6725
794,1024,1450,2418,1329,KY,CO,6725
795,967,1225,5484,1366,CA,CO,6725
796,809,1161,0,670,TX,CO,6003
797,1476,1999,0,1287,VA,CO,6460
798,589,769,0,1366,CO,IA,6460
799,589,835,0,1436,IA,CO,6460
800,872,1882,247774,0,CO,TN,6200
801,872,1179,932323,0,TN,CO,6200
802,541,758,0,403,CO,OK,6904
803,541,852,0,422,OK,CO,6904
804,218,60,0,13,CO,CO,6932
805,218,52,0,11,CO,CO,6932
806,328,831,0,77,CO,AZ,1177
807,328,718,0,64,AZ,CO,1177
808,1620,2190,1607,1341,CO,NY,1260
809,495,854,0,477,OK,CO,6700
810,1491,2261,78,1750,MD,CO,0A875
811,996,1491,147,1180,CO,OR,0A875
812,1452,1848,384,1532,CO,VA,0A875
813,1062,1304,763,1609,CO,LA,0A875
814,472,680,0,1689,CO,NE,0A875
815,819,1186,351,1761,CO,CA,0A875
816,909,1388,1621,1619,CO,CA,0A875
817,483,768,318,1216,SD,CO,0A875
818,1452,1860,2751,1806,CO,VA,6725
819,862,1274,9031,1499,CA,CO,6725
820,533,892,88,1838,MO,CO,6725
821,602,900,1139,1517,AZ,CO,6725
822,834,1308,0,1388,CO,CA,6460
823,834,1156,0,1401,CA,CO,6460
824,1015,1447,0,503,CO,MI,6904
825,1626,2629,0,1704,CO,NY,6673
826,1626,3020,0,1770,NY,CO,6673
827,794,1229,0,776,CO,TX,7041
828,794,1440,0,761,TX,CO,7041
829,996,1761,0,528,CO,OR,6700
830,680,1185,3504,1716,CO,MN,0A875
831,1436,2072,186,1426,CO,NC,0A875
832,1024,1718,79,1878,CO,WA,0A875
833,641,1127,616,1731,TX,CO,0A875
834,896,1542,90,1873,WI,CO,0A875
835,680,1120,37,1577,MN,CO,0A875
836,909,1327,500,1543,CA,CO,0A875
837,1014,1552,2576,1498,CO,TN,6725
838,632,933,147172,0,CA,CO,6200
839,637,1128,0,520,MO,CO,6904
840,1069,1986,0,1874,KY,CO,6035
841,1069,1686,0,1776,CO,KY,6035
842,1620,2811,4,1492,NY,CO,1260
843,391,823,0,762,CO,UT,6700
844,752,1468,0,501,IL,CO,6700
845,455,862,719,1495,CO,MT,0A875
846,589,1110,4017,1903,CO,IA,0A875
847,896,1415,187,1926,CO,WI,0A875
848,472,792,243,1870,CO,NE,0A875
849,819,1405,357,1836,CO,CA,0A875
850,1506,2328,285,1772,CO,FL,0A875
851,1546,2598,5,2217,FL,CO,0A875
852,1436,2655,484,1579,NC,CO,0A875
853,853,1442,2,1724,CA,CO,0A875
854,524,902,0,1648,MT,CO,6460
855,692,1337,0,2259,IA,CO,6460
856,524,1016,0,1855,CO,MT,6460
857,692,1102,0,2180,CO,IA,6460
858,1370,2231,0,1820,CO,NC,6460
859,1024,1919,0,1849,CO,WA,6460
860,1370,2502,0,1862,NC,CO,6460
861,1024,1642,0,1853,WA,CO,6460
862,957,1503,540673,0,CA,CO,6200
863,692,1383,0,596,IA,CO,6700
864,455,897,405,1486,MT,CO,0A875
865,775,1393,56,2007,CO,TX,0A875
866,853,1578,111,2082,CO,CA,0A875
867,589,1210,20,1877,IA,CO,0A875
868,862,1499,2188,1586,TX,CO,0A875
869,472,983,47,2069,NE,CO,0A875
870,819,1505,81,2031,CA,CO,0A875
871,948,1725,12,1929,CA,CO,0A875
872,651,1353,8741,1910,TX,CO,6725
873,1703,3044,4467,2359,FL,CO,6725
874,1014,1912,0,2967,TN,CO,6460
875,1014,1764,0,2602,CO,TN,6460
876,1068,2376,0,1007,CO,WA,6700
877,996,1949,0,644,OR,CO,6700
878,1068,2121,0,1053,WA,CO,6700
879,349,786,217,2081,NM,CO,0A875
880,1290,2340,70,2231,CO,PA,0A875
881,472,1074,27,2331,NE,CO,0A875
882,1290,2647,435,2302,PA,CO,0A875
883,589,1239,0,932,IA,CO,6003
884,826,1504,0,2455,CO,WI,6460
885,826,1769,0,2373,WI,CO,6460
886,872,1605,1163906,0,CO,TN,6200
887,624,1349,0,637,CO,MT,6904
888,616,1187,0,565,CO,AR,6904
889,616,1389,0,569,AR,CO,6904
890,1068,2327,0,1004,CO,WA,6580
891,1068,1865,0,1024,WA,CO,6580
892,1123,2547,690,2613,MI,CO,1260
893,752,1594,0,605,CO,IL,6700
894,349,831,316,2324,CO,NM,0A875
895,628,1320,615,2187,NV,CO,0A875
896,1620,3537,0,1854,NY,CO,0A875
897,1024,2000,437,2427,WA,CO,0A875
898,909,1791,182,2296,CA,CO,0A875
899,872,2037,0,985,TN,CO,6003
900,1014,2322,0,2812,TN,CO,6460
901,1014,2021,0,2728,CO,TN,6460
902,679,1564,0,2234,CO,MT,6460
903,1162,2222,0,2227,CO,TN,6460
904,679,1405,0,1813,MT,CO,6460
905,1162,2622,0,2302,TN,CO,6460
906,632,1405,317135,0,CO,CA,6200
907,1061,2100,321148,0,CO,TN,6200
908,872,1889,482374,0,TN,CO,6200
909,872,1899,1382593,0,TN,CO,6200
910,1061,2318,660324,0,TN,CO,6200
911,624,1397,0,707,MT,CO,6904
912,771,1875,0,708,AR,CO,6904
913,328,1220,0,117,CO,AZ,1177
914,328,1145,0,121,AZ,CO,1177
915,680,1643,285,3355,CO,MN,1260
916,1123,2726,926,3222,MI,CO,1260
917,541,1361,0,1059,OK,CO,7041
918,349,1001,0,807,NM,CO,6700
919,533,1290,0,1129,CO,MO,6700
920,776,1928,0,1048,CO,CA,6700
921,563,1412,0,1124,TX,CO,6700
922,776,1782,0,1098,CA,CO,6700
923,1154,2732,252,1932,OH,CO,0A875
924,349,851,466,2665,CO,NM,0A875
925,1201,2842,503,3223,CO,OH,0A875
926,977,2019,113,2875,CO,IN,0A875
927,628,1496,287,2193,CO,NV,0A875
928,964,2013,87,1985,OR,CO,0A875
929,1062,2212,791,2494,LA,CO,0A875
930,1290,3023,1632,2721,PA,CO,0A875
931,948,2104,145,2500,CA,CO,0A875
932,651,1626,3577,2123,CO,TX,6725
933,991,2337,0,2319,CO,OR,6460
934,1024,2580,0,2891,CO,WA,6460
935,991,2114,0,2433,OR,CO,6460
936,1024,2142,0,2934,WA,CO,6460
937,752,1649,0,679,CO,IL,6904
938,563,1442,0,918,CO,TX,6700
939,996,2687,0,1058,CO,OR,6700
940,616,1417,0,888,CO,AR,6700
941,996,2250,0,1184,OR,CO,6700
942,420,1199,0,873,KS,CO,6700
943,349,994,546,2893,NM,CO,0A875
944,1491,3171,1405,2741,CO,MD,0A875
945,1154,2509,2694,2115,CO,OH,0A875
946,862,2059,517,2160,CO,TX,0A875
947,1290,2794,303,3066,CO,PA,0A875
948,948,2312,361,2620,CO,CA,0A875
949,948,2323,190,2097,CO,CA,0A875
950,391,1133,2929,1747,CO,UT,0A875
951,770,1671,1156,2494,CO,MO,0A875
952,391,1034,342,2222,UT,CO,0A875
953,1506,3573,983,3047,FL,CO,0A875
954,628,1561,2500,2922,CO,NV,6725
955,541,1282,0,1052,CO,OK,6003
956,73,381,0,801,CO,CO,6904
957,73,315,0,769,CO,CO,6904
958,589,1656,0,677,IA,CO,6904
959,455,1172,567627,0,MT,CO,6910
960,455,1151,1175210,0,CO,MT,6910
961,819,1952,856546,0,CO,CA,6910
962,819,1816,1399292,0,CA,CO,6910
963,828,2005,1331386,0,IL,CO,6910
964,420,1081,0,799,CO,KS,6700
965,1024,2334,0,1235,CO,KY,6700
966,300,990,0,988,SD,CO,6700
967,1671,4372,688,2334,CT,CO,0A875
968,524,1335,0,1451,MT,CO,0A875
969,524,1460,1529,2272,CO,MT,0A875
970,964,2536,324,2077,CO,OR,0A875
971,1062,2437,575,3116,CO,LA,0A875
972,602,1580,837,2211,CO,AZ,0A875
973,804,2200,262,2274,CO,NV,0A875
974,794,1965,684,2356,CO,TX,0A875
975,967,2357,17245,4382,CO,CA,0A875
976,483,1376,171,1495,SD,CO,0A875
977,836,1955,413,2518,WA,CO,0A875
978,804,1978,72,1960,NV,CO,0A875
979,967,2117,196833,4400,CA,CO,0A875
980,1506,3700,916,2747,FL,CO,0A875
981,349,1073,0,1220,NM,CO,6003
982,349,996,0,1203,CO,NM,6003
983,1201,2748,0,1222,CO,OH,6003
984,391,1251,0,1232,CO,UT,6003
985,533,1604,0,1144,MO,CO,6003
986,911,2215,0,2198,CO,IL,6460
987,626,1614,738980,0,TX,CO,6200
988,626,1532,620058,0,CO,TX,6200
989,872,2369,1402901,0,TN,CO,6200
990,1199,3292,0,1231,GA,CO,7041
991,752,1845,0,642,CO,IL,7041
992,1062,2469,0,1219,CO,LA,7041
993,292,1000,0,893,CO,UT,6700
994,1085,3245,0,1309,OH,CO,6700
995,533,1487,0,1343,CO,MO,6700
996,616,1691,0,727,CO,AR,6700
997,641,1975,0,1359,TX,CO,6700
998,844,2249,0,1266,CA,CO,6700
999,602,1671,0,1489,AZ,CO,6700
1000,794,2186,0,1264,TX,CO,6700
1001,775,2145,1573,2599,TX,CO,0A875
1002,1337,3612,851,2835,NC,CO,0A875
1003,1337,3187,822,2533,CO,NC,0A875
1004,483,1280,164,2539,CO,SD,0A875
1005,483,1318,12,1873,CO,SD,0A875
1006,836,2322,370,2451,CO,WA,0A875
1007,533,1405,1076,2357,CO,MO,0A875
1008,495,1365,64,2185,CO,OK,0A875
1009,1290,3041,918,2786,CO,PA,0A875
1010,853,2346,311,2694,CO,CA,0A875
1011,794,2015,1695,2630,CO,TX,0A875
1012,483,1466,252,2341,SD,CO,0A875
1013,1201,2849,14047,3315,CO,OH,6725
1014,589,1443,0,3185,CO,IA,6460
1015,589,1749,0,3192,IA,CO,6460
1016,911,2636,0,2392,IL,CO,6460
1017,680,2069,3649,3556,MN,CO,1260
1018,420,1138,0,1220,CO,KS,7041
1019,649,1834,0,852,ID,CO,6700
1020,349,1102,0,1345,CO,NM,6700
1021,770,2145,0,987,CO,MO,6700
1022,292,938,0,1004,UT,CO,6700
1023,1199,3266,348,3030,GA,CO,0A875
1024,1703,4250,182,2821,CO,FL,0A875
1025,680,1866,1835,3082,CO,MN,0A875
1026,819,2331,211,2389,CO,CA,0A875
1027,991,2771,2737,2839,CO,OR,0A875
1028,1024,3000,559,2401,CO,WA,0A875
1029,948,2731,623,3102,CO,CA,0A875
1030,1506,3860,235,3465,CO,FL,0A875
1031,1015,2877,38,2346,MI,CO,0A875
1032,533,1720,899,2571,MO,CO,0A875
1033,819,2249,179,2463,CA,CO,0A875
1034,1558,4388,2057,2399,PA,CO,0A875
1035,1290,3817,85,2854,PA,CO,0A875
1036,770,2409,1033,2937,MO,CO,0A875
1037,1506,4185,371,3323,FL,CO,0A875
1038,1671,4045,6073,2247,CO,CT,6725
1039,804,2402,6063,1683,CO,NV,6725
1040,1024,2629,3689,2102,CO,KY,6725
1041,391,1286,6210,3148,CO,UT,6725
1042,533,1509,0,1354,CO,MO,6003
1043,160,1329,35966,0,NM,CO,6299
1044,40,344,21747,0,NM,CO,6299
1045,1069,2688,0,1332,CO,KY,7041
1046,141,690,0,1184,CO,CO,7041
1047,637,2123,0,1171,MO,CO,7041
1048,848,2635,0,696,CO,CA,6700
1049,775,2713,0,1581,TX,CO,6700
1050,638,2110,0,779,ND,CO,6700
1051,771,2376,0,1379,AR,CO,6700
1052,423,1482,0,1215,NE,CO,6700
1053,1671,4283,118,2543,CO,CT,0A875
1054,472,1344,1536,3055,CO,NE,0A875
1055,1482,3800,262,2489,CO,VA,0A875
1056,916,2774,70,1559,CO,CA,0A875
1057,967,2775,17922,6174,CO,CA,0A875
1058,1703,4906,1186,3078,FL,CO,0A875
1059,680,2083,102,2855,MN,CO,0A875
1060,1062,3363,738,2673,LA,CO,0A875
1061,472,1605,171,2966,NE,CO,0A875
1062,991,2747,848,2615,OR,CO,0A875
1063,1482,4631,116,2661,VA,CO,0A875
1064,794,2358,1894,3690,TX,CO,0A875
1065,916,2517,31,2037,CA,CO,0A875
1066,1201,3632,7027,2872,OH,CO,6725
1067,1154,3055,21316,3714,CO,OH,6725
1068,1620,4291,1479,3766,CO,NY,6725
1069,1154,3117,0,1430,CO,OH,6003
1070,516,1641,0,3289,ND,CO,6460
1071,516,1551,0,3366,CO,ND,6460
1072,160,1329,35960,0,NM,CO,6200
1073,854,2357,576847,0,CO,TN,6200
1074,40,345,21715,0,NM,CO,6200
1075,172,1388,11749,0,CO,WY,6200
1076,854,2451,824702,0,TN,CO,6200
1077,804,2474,552896,0,CO,NV,6910
1078,141,634,0,1245,CO,CO,7041
1079,472,1583,0,1602,CO,NE,7041
1080,300,1065,0,1484,CO,SD,7041
1081,349,1348,0,1064,NM,CO,6700
1082,1199,3933,0,1645,GA,CO,6700
1083,850,2614,0,1532,CA,CO,6700
1084,1069,3722,0,1650,KY,CO,6700
1085,349,1269,0,1087,CO,NM,6700
1086,641,2115,0,1653,CO,TX,6700
1087,844,2888,0,1379,CO,CA,6700
1088,602,2110,0,1578,CO,AZ,6700
1089,483,1746,0,1367,SD,CO,6700
1090,533,2011,0,1652,MO,CO,6700
1091,964,2881,0,1023,OR,CO,6700
1092,931,2957,0,996,CA,CO,6700
1093,848,2410,0,1102,CA,CO,6700
1094,649,1927,660,3699,ID,CO,0A875
1095,649,2099,3280,3729,CO,ID,0A875
1096,406,1474,507,2485,CO,WY,0A875
1097,495,1667,488,2105,OK,CO,0A875
1098,495,1768,703,2706,OK,CO,0A875
1099,1558,4854,797,3887,PA,CO,0A875
1100,602,1855,574,3365,AZ,CO,0A875
1101,967,2606,129167,6738,CA,CO,0A875
1102,1449,4581,279,2635,SC,CO,6725
1103,649,2102,3097,3760,CO,ID,6725
1104,1449,3727,745,2970,CO,SC,6725
1105,1123,3622,3409,3708,MI,CO,6725
1106,1024,3315,10538,2760,KY,CO,6725
1107,639,1953,4522,3476,AZ,CO,6725
1108,1154,3727,0,1450,OH,CO,6003
1109,563,1967,0,1269,TX,CO,6003
1110,1162,3296,0,1046,CO,TN,6904
1111,1162,3721,0,1009,TN,CO,6904
1112,927,3167,0,1096,TX,CO,6085
1113,927,2861,0,916,CO,TX,6085
1114,1069,3556,1529,2486,KY,CO,1260
1115,1069,3161,1,2380,CO,KY,1260
1116,637,1988,0,1462,CO,MO,7041
1117,420,1491,0,1157,KS,CO,7041
1118,850,2812,0,1059,CA,CO,6700
1119,931,3314,0,925,CO,CA,6700
1120,913,3158,0,1489,TX,CO,6700
1121,541,2170,0,1061,OK,CO,6700
1122,649,1993,201,3522,ID,CO,0A875
1123,775,2540,27,3576,CO,TX,0A875
1124,775,2440,610,3070,CO,TX,0A875
1125,641,2054,4871,3383,CO,TX,0A875
1126,1703,4840,493,3898,CO,FL,0A875
1127,420,1351,388,2282,CO,KS,0A875
1128,3329,9830,1252,3552,CO,HI,0A875
1129,3302,9826,5028,3711,CO,HI,0A875
1130,1506,4384,5719,3779,CO,FL,0A875
1131,1703,5423,491,4189,FL,CO,0A875
1132,420,1536,229,2917,KS,CO,0A875
1133,406,1444,219,2327,WY,CO,0A875
1134,3329,9038,5865,3052,HI,CO,0A875
1135,3302,8906,1858,3450,HI,CO,0A875
1136,541,1896,377,2594,OK,CO,0A875
1137,649,2030,2184,3865,ID,CO,6725
1138,1447,4142,3203,3238,CO,FL,6725
1139,1447,4728,996,3283,FL,CO,6725
1140,819,2521,2376,4050,CA,CO,6725
1141,948,2931,1103,3856,CA,CO,6725
1142,775,2621,0,1627,TX,CO,6003
1143,563,1847,0,1289,CO,TX,6003
1144,1024,3618,0,1547,KY,CO,6003
1145,541,1908,0,1365,OK,CO,6003
1146,483,1555,0,3723,CO,SD,6460
1147,483,1837,0,3458,SD,CO,6460
1148,172,1630,40688,0,WY,CO,6200
1149,809,2557,0,962,CO,TX,6085
1150,277,1672,0,176,CO,CO,1177
1151,1069,3827,0,1602,KY,CO,7041
1152,964,3519,0,1698,CO,OR,6700
1153,776,2527,0,1516,CA,CO,6700
1154,1754,6127,2585,4020,MA,CO,0A875
1155,1337,4872,73,2770,NC,CO,0A875
1156,1199,3666,2093,3610,CO,GA,0A875
1157,649,2274,3285,3660,CO,ID,0A875
1158,1337,4034,3913,2745,CO,NC,0A875
1159,967,3299,384,2893,CO,CA,0A875
1160,641,2442,591,4022,TX,CO,0A875
1161,680,2458,167,3668,MN,CO,0A875
1162,909,2845,1068,2777,CA,CO,0A875
1163,651,2385,12170,4063,TX,CO,6725
1164,909,2825,8631,3748,CA,CO,6725
1165,495,1739,0,1666,CO,OK,6003
1166,391,1558,0,3543,CO,UT,6460
1167,770,2390,0,3589,CO,MO,6460
1168,604,2050,0,3157,NV,CO,6460
1169,391,1393,0,3477,UT,CO,6460
1170,770,2879,0,3592,MO,CO,6460
1171,160,1453,40799,0,CO,NM,6299
1172,872,3301,0,1693,TN,CO,7041
1173,495,1888,0,1519,OK,CO,7041
1174,913,3211,0,1369,CO,TX,6700
1175,1014,3928,0,1878,TN,CO,6700
1176,1083,3467,0,1537,CO,AL,6700
1177,483,1791,0,1538,CO,SD,6700
1178,776,2687,0,1409,CO,CA,6700
1179,792,2784,0,1036,CO,LA,6700
1180,589,2403,0,1876,IA,CO,6700
1181,576,2272,0,857,ND,CO,6700
1182,472,1984,0,1856,NE,CO,6700
1183,792,3293,0,1034,LA,CO,6700
1184,541,1790,92,2976,CO,OK,0A875
1185,602,2108,1002,4320,AZ,CO,0A875
1186,948,3218,91,3602,CA,CO,0A875
1187,775,2976,5586,4367,TX,CO,6725
1188,1558,4494,5171,3362,CO,PA,6725
1189,1290,4132,1221,3680,CO,PA,6725
1190,1703,5728,6116,3526,FL,CO,6725
1191,836,2730,1335,3776,WA,CO,6725
1192,604,2372,0,3208,CO,NV,6460
1193,977,3054,0,3677,CO,IN,6460
1194,628,2297,0,3388,CO,NV,6460
1195,977,3573,0,4463,IN,CO,6460
1196,628,2159,0,3674,NV,CO,6460
1197,160,1453,40799,0,CO,NM,6200
1198,680,2350,122,2861,CO,MN,6795
1199,680,2555,816,2982,MN,CO,6795
1200,533,1888,0,1231,CO,MO,6904
1201,196,957,0,1208,CO,CO,6904
1202,196,943,0,880,CO,CO,6904
1203,170,1207,0,114,NM,CO,1177
1204,170,1194,0,93,CO,NM,1177
1205,277,1772,0,193,CO,CO,1177
1206,533,2034,0,1906,CO,MO,7041
1207,679,2626,0,1722,CO,MT,7041
1208,472,1891,0,1681,NE,CO,7041
1209,1014,3998,0,1573,TN,CO,6700
1210,1014,3504,0,1860,CO,TN,6700
1211,576,2267,0,1016,CO,ND,6700
1212,423,1572,0,1387,CO,NE,6700
1213,472,1832,0,1997,CO,NE,6700
1214,834,3104,0,1134,CA,CO,6700
1215,1491,4751,2034,4385,CO,MD,0A875
1216,602,2300,3289,3896,CO,AZ,0A875
1217,794,2694,2449,3647,CO,TX,0A875
1218,909,3419,542,2703,CO,CA,0A875
1219,602,2180,1082,3283,AZ,CO,0A875
1220,794,3062,444,3716,TX,CO,0A875
1221,1610,6022,2312,3488,NY,CO,6725
1222,1671,6136,12594,4554,CT,CO,6725
1223,1754,6622,22565,4330,MA,CO,6725
1224,1123,3760,7042,4551,CO,MI,6725
1225,804,2751,5294,4227,NV,CO,6725
1226,73,534,0,1667,CO,CO,6003
1227,775,2763,0,1616,CO,TX,6003
1228,872,2932,2198850,0,CO,TN,6200
1229,1558,4498,569,2610,CO,PA,0A050
1230,602,2386,466,3163,CO,AZ,0A050
1231,721,2524,0,2489,CO,TX,0A050
1232,862,3130,80,4196,CA,CO,0A050
1233,1709,6225,250,4330,FL,CO,0A050
1234,602,2236,431,3296,AZ,CO,0A050
1235,1123,4025,922,4451,CO,MI,1260
1236,495,2025,0,1686,CO,OK,7041
1237,679,2576,0,1643,MT,CO,7041
1238,1083,4218,0,1767,AL,CO,6700
1239,911,3481,0,1880,CO,IL,6700
1240,423,1630,0,1111,CO,NE,6700
1241,423,1952,0,1040,NE,CO,6700
1242,775,2933,915,4160,TX,CO,0A875
1243,1476,5733,167,4629,VA,CO,0A875
1244,1476,4687,480,4488,CO,VA,0A875
1245,1290,4234,951,4400,CO,PA,6725
1246,1436,4772,0,3949,CO,NC,6460
1247,794,2848,0,3838,CO,TX,6460
1248,991,3453,0,4765,OR,CO,6460
1249,1436,5555,0,3890,NC,CO,6460
1250,794,3121,0,3981,TX,CO,6460
1251,1123,3850,0,4466,CO,MI,6830
1252,1703,5620,0,5775,CO,FL,6830
1253,1703,6147,0,5583,FL,CO,6830
1254,862,3463,0,4792,TX,CO,6830
1255,722,2479,0,1648,CO,TX,6689
1256,627,2363,0,1038,CO,ND,6904
1257,911,3443,0,1158,CO,IL,6085
1258,862,3401,195,3826,CO,CA,0A050
1259,1709,6063,201,4379,CO,FL,0A050
1260,721,2967,0,3286,TX,CO,0A050
1261,701,2635,0,1193,CO,TX,6700
1262,420,1728,0,1346,CO,KS,6700
1263,701,2996,0,1587,TX,CO,6700
1264,1199,4241,3997,4615,CO,GA,0A875
1265,836,3223,1502,4558,CO,WA,0A875
1266,862,3271,175205,9532,CO,CA,0A875
1267,602,2485,1307,3446,CO,AZ,0A875
1268,967,3659,54130,5596,CO,CA,0A875
1269,862,3092,111333,9571,CA,CO,0A875
1270,1015,3524,1841,3896,CO,MI,6725
1271,977,3608,3713,4516,CO,IN,6725
1272,1605,6455,8163,4540,NJ,CO,6725
1273,1015,4131,409,3210,MI,CO,6725
1274,1083,4470,0,1757,AL,CO,6003
1275,1199,4673,0,5027,GA,CO,6460
1276,1154,4007,0,4719,CO,OH,6460
1277,991,3946,0,4577,CO,OR,6460
1278,853,3399,0,4100,CO,CA,6460
1279,1452,5863,0,4038,VA,CO,6460
1280,853,3229,0,4210,CA,CO,6460
1281,862,3283,0,4442,CO,TX,6830
1282,862,3390,0,4446,CO,CA,6830
1283,853,3417,0,4242,CO,CA,6830
1284,641,2853,0,4925,TX,CO,6830
1285,1123,4494,0,4613,MI,CO,6830
1286,862,3247,0,4846,CA,CO,6830
1287,680,2833,0,4690,MN,CO,6830
1288,853,3177,0,4826,CA,CO,6830
1289,722,2883,23,1885,TX,CO,6689
1290,419,1902,0,1099,CO,AZ,6689
1291,419,1718,0,1213,AZ,CO,6689
1292,1024,4826,1673,4548,CO,WA,6031
1293,1024,3962,3374,4472,WA,CO,6031
1294,391,1760,0,1104,WY,CO,6904
1295,391,1747,0,1155,CO,WY,6904
1296,602,2559,0,4970,CO,AZ,0A050
1297,602,2431,5603,5219,AZ,CO,0A050
1298,1184,4547,3000,4272,GA,CO,1260
1299,1184,4007,4997,4155,CO,GA,1260
1300,1123,4654,934,4616,MI,CO,1260
1301,120,789,0,1101,CO,CO,7041
1302,120,926,0,1074,CO,CO,7041
1303,524,2238,0,1377,MT,CO,6700
1304,809,3280,0,1822,CO,TX,6700
1305,649,2948,0,1409,CO,ID,6700
1306,649,2890,0,2140,CO,ID,6700
1307,844,3476,0,1635,CO,CA,6700
1308,594,2703,0,1231,CO,MT,6700
1309,594,2564,0,1230,MT,CO,6700
1310,809,3398,0,1821,TX,CO,6700
1311,573,2541,0,1002,ND,CO,6700
1312,3365,11911,64061,9692,CO,HI,0A875
1313,836,3191,694,4629,WA,CO,0A875
1314,3365,10842,344222,10120,HI,CO,0A875
1315,862,3393,314830,6022,TX,CO,0A875
1316,420,2096,639,3015,KS,CO,0A875
1317,977,4153,345,5095,IN,CO,0A875
1318,1024,3799,1139,4659,WA,CO,0A875
1319,1610,5545,7094,4156,CO,NY,6725
1320,909,3823,7290,4468,CO,CA,6725
1321,1558,6396,5114,4114,PA,CO,6725
1322,1506,5951,1784,4158,FL,CO,6725
1323,1014,3833,0,1973,CO,TN,6003
1324,775,3286,0,6530,TX,CO,6460
1325,1201,5062,0,5709,OH,CO,6460
1326,1337,5512,0,4265,NC,CO,6460
1327,1154,4752,0,4684,OH,CO,6460
1328,1520,5492,0,4166,CO,FL,6460
1329,551,2451,0,3970,CO,AZ,6460
1330,1199,4443,0,4906,CO,GA,6460
1331,1199,4502,0,4042,CO,GA,6460
1332,775,3036,0,5791,CO,TX,6460
1333,1201,4413,0,6024,CO,OH,6460
1334,1337,4776,0,4238,CO,NC,6460
1335,641,2603,0,4019,CO,TX,6460
1336,1452,5053,0,4253,CO,VA,6460
1337,628,2644,0,5830,CO,NV,6460
1338,1620,6007,0,5262,CO,NY,6460
1339,872,3318,0,6427,CO,TN,6460
1340,1709,6033,0,4884,CO,FL,6460
1341,1062,4009,0,5282,CO,LA,6460
1342,472,1901,0,5107,CO,NE,6460
1343,991,4091,0,6484,CO,OR,6460
1344,1558,5439,0,4952,CO,PA,6460
1345,1558,5487,0,4247,CO,PA,6460
1346,1290,4699,0,4881,CO,PA,6460
1347,853,3459,0,5035,CO,CA,6460
1348,1024,4380,0,6608,CO,WA,6460
1349,391,1925,0,6379,CO,UT,6460
1350,770,2897,0,5959,CO,MO,6460
1351,1506,5537,0,4193,CO,FL,6460
1352,641,2955,0,4219,TX,CO,6460
1353,628,2507,0,6328,NV,CO,6460
1354,1620,6495,0,5148,NY,CO,6460
1355,1520,5973,0,4243,FL,CO,6460
1356,872,3779,0,6482,TN,CO,6460
1357,1709,6635,0,4934,FL,CO,6460
1358,1062,4362,0,5291,LA,CO,6460
1359,472,2257,0,4940,NE,CO,6460
1360,991,3634,0,6037,OR,CO,6460
1361,1558,6518,0,5089,PA,CO,6460
1362,1558,6384,0,4107,PA,CO,6460
1363,551,2338,0,4175,AZ,CO,6460
1364,1290,5329,0,4543,PA,CO,6460
1365,853,3337,0,6308,CA,CO,6460
1366,1024,3723,0,6262,WA,CO,6460
1367,391,1701,0,6107,UT,CO,6460
1368,770,3368,0,6556,MO,CO,6460
1369,1506,5890,0,4031,FL,CO,6460
1370,641,2597,0,4029,CO,TX,6830
1371,862,3529,0,3682,CO,CA,6830
1372,680,2775,0,4741,CO,MN,6830
1373,862,3312,0,3987,CA,CO,6830
1374,1024,4398,923,4766,CO,WA,6031
1375,1024,3650,14054,4770,WA,CO,6031
1376,1048,3906,0,1222,CO,AL,6904
1377,1048,4404,0,1273,AL,CO,6904
1378,1558,6581,1686,5483,PA,CO,0A050
1379,455,2101,0,1950,MT,CO,6700
1380,455,2194,0,1922,CO,MT,6700
1381,524,2622,0,1379,CO,MT,6700
1382,916,4164,0,1809,CO,CA,6700
1383,420,2205,0,1101,KS,CO,6700
1384,911,4188,0,2193,IL,CO,6700
1385,916,3814,0,1889,CA,CO,6700
1386,420,1792,14,3211,CO,KS,0A875
1387,1620,6119,186,4354,CO,NY,0A875
1388,1546,5856,242,4866,CO,FL,0A875
1389,602,2664,2019,4038,CO,AZ,0A875
1390,602,2509,697,4094,AZ,CO,0A875
1391,909,3512,0,4744,CA,CO,0A875
1392,1123,4149,3239,3996,CO,MI,6725
1393,1199,5120,0,4458,GA,CO,6460
1394,853,3613,0,6614,CO,CA,6460
1395,391,1925,0,5280,CO,UT,6460
1396,853,3454,0,5327,CA,CO,6460
1397,391,1842,0,5338,UT,CO,6460
1398,1024,3976,0,1394,CO,KY,6904
1399,1024,4641,0,1343,KY,CO,6904
1400,1024,3752,1946318,0,CO,KY,6910
1401,1626,6327,0,5404,CO,NY,6673
1402,1626,7221,0,5414,NY,CO,6673
1403,391,2551,1599,4522,CO,UT,1260
1404,391,2141,11066,5168,UT,CO,1260
1405,775,3619,0,1961,TX,CO,7041
1406,1069,4274,0,1743,CO,KY,6700
1407,1754,7568,2301,4612,MA,CO,0A875
1408,1201,5335,477,5316,OH,CO,0A875
1409,846,3742,214,3890,CO,CA,0A875
1410,775,3350,2890,5118,CO,TX,6725
1411,1754,6571,5419,5247,CO,MA,6725
1412,651,2917,5345,5184,CO,TX,6725
1413,819,3534,4652,4319,CA,CO,6725
1414,1558,6949,17855,5312,PA,CO,6725
1415,804,3246,7127,4049,NV,CO,6725
1416,1083,4255,0,1891,CO,AL,6003
1417,896,3685,0,4642,CO,WI,6460
1418,896,4061,0,4263,WI,CO,6460
1419,1024,4330,2592196,0,KY,CO,6910
1420,483,2289,0,1445,CO,SD,6700
1421,834,3752,0,2034,CA,CO,6700
1422,1199,5490,530,5265,GA,CO,0A875
1423,472,2419,1118,3938,NE,CO,0A875
1424,1199,4851,1325,5318,CO,GA,6725
1425,896,4203,7280,5196,WI,CO,6725
1426,639,2857,3555,4278,AZ,CO,6725
1427,977,4588,0,2209,IN,CO,6003
1428,533,2324,0,5468,CO,MO,6460
1429,533,2783,0,5574,MO,CO,6460
1430,872,3891,2861762,0,TN,CO,6200
1431,771,3300,0,1458,CO,AR,6904
1432,627,3040,0,1207,ND,CO,6904
1433,641,2913,1286,4423,CO,TX,0A050
1434,639,3246,0,1613,AZ,CO,6700
1435,896,3709,320,3904,CO,WI,0A875
1436,888,3949,9985,4826,CO,IL,0A875
1437,641,3322,936,5667,TX,CO,0A875
1438,1703,6824,6857,5383,CO,FL,6725
1439,1123,5390,0,5791,MI,CO,6460
1440,423,1937,0,1381,CO,NE,6904
1441,1123,4811,4926,5660,CO,MI,1260
1442,300,1604,0,1473,CO,SD,6700
1443,1015,5301,0,2369,MI,CO,6700
1444,641,2946,3690,4739,CO,TX,0A875
1445,641,3109,2474,3967,CO,TX,0A875
1446,1620,7373,248,4905,NY,CO,0A875
1447,896,4290,235,3980,WI,CO,0A875
1448,853,3969,598,5720,CA,CO,0A875
1449,846,3872,12,4076,CA,CO,0A875
1450,1014,4254,5383,5859,CO,TN,6725
1451,1558,6310,7416,5678,CO,PA,6725
1452,1123,5525,3868,4406,MI,CO,6725
1453,836,3672,2922,4586,WA,CO,6725
1454,1452,7042,5450,5159,VA,CO,6725
1455,991,4266,7865,5689,OR,CO,6725
1456,1123,4799,0,5851,CO,MI,6460
1457,977,4147,2576162,0,CO,IN,6200
1458,977,4601,3056879,0,IN,CO,6200
1459,349,2001,0,1561,NM,CO,6904
1460,349,1957,0,1694,CO,NM,6904
1461,563,2866,0,1456,CO,TX,6904
1462,1199,5287,2003,6096,CO,GA,1260
1463,1085,5509,0,2229,OH,CO,7041
1464,911,4377,0,1487,CO,IL,6700
1465,563,2803,0,1519,CO,TX,6700
1466,483,2809,0,1546,SD,CO,6700
1467,616,3403,0,1418,AR,CO,6700
1468,1201,5082,3509,5509,CO,OH,0A875
1469,1605,7881,2797,4873,NJ,CO,0A875
1470,967,4701,20632,4411,CO,CA,6725
1471,809,3992,0,2188,CO,TX,6003
1472,563,3266,0,1612,TX,CO,6904
1473,1024,4967,2547707,0,KY,CO,6910
1474,1199,5956,14700,6261,GA,CO,1260
1475,1626,7326,3415,4559,CO,NY,1260
1476,1626,7978,7666,4346,NY,CO,1260
1477,300,1800,0,2012,SD,CO,7041
1478,563,3194,0,1585,TX,CO,6700
1479,1491,7529,963,6129,MD,CO,0A875
1480,641,3206,5066,5611,CO,TX,0A875
1481,1015,4362,189,4159,CO,MI,0A875
1482,1546,6991,854,5164,CO,FL,0A875
1483,472,2287,758,4461,CO,NE,0A875
1484,1605,8153,1118,5570,NJ,CO,0A875
1485,888,4641,1549,5281,IL,CO,0A875
1486,649,3063,917,4737,ID,CO,6725
1487,1154,5026,13681,4958,CO,OH,6725
1488,1546,6880,4064,4990,CO,FL,6725
1489,1506,6723,3250,4886,CO,FL,6725
1490,1546,7622,6723,6252,FL,CO,6725
1491,752,4278,0,1478,IL,CO,6904
1492,516,3004,0,1568,ND,CO,6700
1493,516,2811,0,1382,CO,ND,6700
1494,967,4479,6000,4290,CA,CO,0A875
1495,1620,7112,7039,5135,CO,NY,6725
1496,804,4316,5181,4814,CO,NV,6725
1497,1024,5144,4141,3939,CO,WA,6031
1498,423,2725,0,1542,NE,CO,6904
1499,991,5396,9331,5182,CO,OR,6725
1500,1024,4405,1856,4029,WA,CO,6031
1501,649,3552,7185,4784,CO,ID,6725
1502,589,3403,610,4248,IA,CO,0A875
1503,589,2895,3569,4415,CO,IA,0A875
1504,862,4438,9102,5580,CA,CO,0A875
1505,639,3713,0,2804,AZ,CO,6700
1506,296,2829,0,382,CO,WY,6932
1507,853,4503,441,4638,CO,CA,0A875
1508,649,3576,0,2826,ID,CO,6700
1509,300,2083,0,1453,SD,CO,6700
1510,853,4332,1089,4750,CA,CO,0A875
1511,692,4110,210,3950,IA,CO,0A875
1512,692,3565,92,3976,CO,IA,0A875
1513,406,2592,620,4739,CO,WY,0A875
1514,862,4846,3087,5843,CO,CA,0A875
1515,641,3797,1674,5009,TX,CO,0A875
1516,752,3951,39,4051,MT,CO,0A875
1517,628,3363,3863,6430,NV,CO,6725
1518,770,4588,8682,6641,MO,CO,6725
1519,296,2686,0,351,WY,CO,6932
1520,391,2212,7710,4557,UT,CO,1260
1521,850,5414,0,2660,CO,CA,6700
1522,495,2994,0,2630,CO,OK,6700
1523,300,2009,0,2448,CO,SD,6700
1524,391,2740,0,1887,CO,UT,6700
1525,495,3436,0,2797,OK,CO,6700
1526,752,4457,2812,4866,CO,MT,0A875
1527,909,5170,2061,6536,CO,CA,0A875
1528,1491,8474,15999,4751,MD,CO,6725
1529,1024,5265,23466,5983,WA,CO,6725
1530,1024,6356,0,4337,CO,WA,1260
1531,391,2603,1083,4489,CO,UT,1260
1532,872,4925,0,3017,CO,TN,6700
1533,406,2561,83,5042,WY,CO,0A875
1534,1436,8507,1556,6246,NC,CO,0A875
1535,1024,5475,1512,4378,WA,CO,1260
1536,1199,6287,0,2565,CO,GA,7041
1537,1123,6100,2266,6246,CO,MI,0A875
1538,1546,8249,1511,7006,CO,FL,0A875
1539,853,5018,1178,7196,CO,CA,0A875
1540,680,4269,482,5065,MN,CO,0A875
1541,896,4878,7872,7402,CO,WI,6725
1542,853,5015,6124,7077,CO,CA,6725
1543,770,4458,0,3004,CO,MO,7041
1544,637,4479,0,1747,MO,CO,6700
1545,1436,7661,5090,6406,CO,NC,0A875
1546,888,5191,0,9407,CO,IL,6460
1547,888,5849,0,9732,IL,CO,6460
1548,589,3533,0,3249,CO,IA,6700
1549,948,6365,0,3110,CO,CA,6700
1550,948,5930,0,3231,CA,CO,6700
1551,1754,9732,18225,7491,CO,MA,0A875
1552,888,5501,15937,7767,CO,IL,0A875
1553,1123,7248,418,6859,MI,CO,0A875
1554,826,5438,446,5284,WI,CO,0A875
1555,770,5405,0,2129,MO,CO,6904
1556,289,2986,0,381,NM,CO,6932
1557,1620,10397,1727,6261,NY,CO,1260
1558,679,4337,0,1757,MT,CO,6700
1559,898,5455,0,2847,OR,CO,6700
1560,1605,9090,9437,6450,CO,NJ,0A875
1561,826,4606,169,5287,CO,WI,0A875
1562,1558,8590,4324,6895,CO,PA,0A875
1563,1605,10185,6677,7486,NJ,CO,0A875
1564,1546,9479,6438,6692,FL,CO,0A875
1565,862,5473,27946,7485,CO,CA,6725
1566,862,5135,40569,7583,CA,CO,6725
1567,977,5581,0,3090,CO,IN,6003
1568,289,3048,0,385,CO,NM,6932
1569,1626,9503,7102,7288,CO,NY,1260
1570,1123,7205,3605,7061,MI,CO,1260
1571,1626,10873,16456,7342,NY,CO,1260
1572,541,3611,0,2134,CO,OK,6700
1573,1201,7950,482,7395,OH,CO,0A875
1574,1605,9213,10665,7386,CO,NJ,0A875
1575,1290,8556,3298,6423,PA,CO,6725
1576,1123,6802,2608,7029,CO,MI,1260
1577,1620,9185,729,6666,CO,NY,1260
1578,775,4926,0,3165,CO,TX,7041
1579,406,3124,0,2769,CO,WY,7041
1580,406,2945,0,2522,WY,CO,7041
1581,845,5865,0,1877,CA,CO,6700
1582,679,4972,0,2083,CO,MT,6700
1583,898,6580,0,2747,CO,OR,6700
1584,1546,10051,1648,7447,FL,CO,0A875
1585,991,6059,4512,7755,OR,CO,0A875
1586,1605,10533,21866,6315,NJ,CO,6725
1587,809,5675,0,2193,TX,CO,6085
1588,385,2797,0,2024,CO,SD,6081
1589,250,2154,0,2016,CO,CO,6700
1590,250,2153,0,1892,CO,CO,6700
1591,1013,7058,0,2878,IL,CO,6700
1592,2405,14069,52536,5427,AK,CO,0A875
1593,957,5912,17156,7861,CA,CO,6725
1594,385,3189,0,1858,SD,CO,6081
1595,1013,6734,0,2245,CO,IL,6700
1596,391,3053,0,1912,UT,CO,6700
1597,909,6141,0,3307,CA,CO,6700
1598,1452,10486,7460,6809,VA,CO,6725
1599,383,3602,0,730,CO,KS,6932
1600,383,4252,0,758,KS,CO,6932
1601,298,2270,0,828,CO,KS,6700
1602,573,4231,0,1949,CO,ND,6700
1603,113,1213,0,1185,CO,WY,6700
1604,637,4367,0,1975,CO,MO,6700
1605,298,2687,0,787,KS,CO,6700
1606,628,4519,2650,7204,CO,NV,0A875
1607,853,5738,759,7769,CA,CO,0A875
1608,1014,7428,30930,8402,TN,CO,6725
1609,541,4177,4387,6899,OK,CO,6725
1610,488,3710,0,1759,CO,ND,6904
1611,488,3868,0,1671,ND,CO,6904
1612,180,2516,0,348,NE,CO,1177
1613,221,3117,0,321,NE,CO,1177
1614,277,3385,0,385,CO,CO,1177
1615,180,2471,0,312,CO,NE,1177
1616,221,2778,0,346,CO,NE,1177
1617,218,2760,0,250,CO,NE,1177
1618,259,3116,0,345,CO,UT,1177
1619,218,3291,0,242,NE,CO,1177
1620,259,2947,0,356,UT,CO,1177
1621,1085,6560,0,3095,CO,OH,7041
1622,113,1430,0,1249,WY,CO,6700
1623,771,6183,0,2314,AR,CO,6700
1624,2405,16036,7890,7770,CO,AK,0A875
1625,73,916,0,3288,CO,CO,6003
1626,359,3045,0,2218,TX,CO,6904
1627,359,2716,0,2043,CO,TX,6904
1628,834,6868,0,2274,CO,CA,6700
1629,909,7312,0,3739,CO,CA,6700
1630,991,7195,3000,8320,CO,OR,0A875
1631,862,6507,10033,8865,TX,CO,0A875
1632,1199,9041,22635,7356,GA,CO,6725
1633,836,6272,10330,6379,CO,WA,6725
1634,1062,6774,2684,6864,CO,LA,6725
1635,602,4600,0,7563,CO,AZ,6460
1636,602,4381,0,7396,AZ,CO,6460
1637,277,3411,0,377,CO,CO,1177
1638,1199,7994,9093,9463,CO,GA,1260
1639,196,2166,0,3151,CO,CO,7041
1640,196,2063,0,2931,CO,CO,7041
1641,604,4701,0,1957,CO,ND,6700
1642,604,4775,0,1836,ND,CO,6700
1643,804,6040,991,6807,CO,NV,0A875
1644,862,6043,7774,8408,CA,CO,0A875
1645,804,5577,509,7154,NV,CO,0A875
1646,1436,10804,18724,7434,NC,CO,6725
1647,1199,9266,18819,10174,GA,CO,1260
1648,845,7022,0,1970,CO,CA,6700
1649,313,2687,0,2215,CO,WY,6700
1650,771,5774,0,2485,CO,AR,6700
1651,260,2319,0,1516,CO,WY,6700
1652,313,2938,0,2138,WY,CO,6700
1653,911,7256,0,2455,IL,CO,6700
1654,260,2378,0,1440,WY,CO,6700
1655,411,3772,0,2470,UT,CO,6700
1656,524,3842,66,6757,MT,CO,0A875
1657,524,4221,5161,7746,CO,MT,0A875
1658,862,6596,2767,8156,CO,CA,0A875
1659,628,4752,655,9127,NV,CO,0A875
1660,819,6538,21072,7547,CO,CA,6725
1661,1436,9538,19984,7652,CO,NC,6725
1662,1506,10040,6138,8998,CO,FL,6725
1663,1062,7837,22565,7596,LA,CO,6725
1664,846,6518,0,8093,CO,CA,6460
1665,846,6116,0,9464,CA,CO,6460
1666,456,3666,0,2258,CO,TX,6904
1667,456,3870,0,2259,TX,CO,6904
1668,679,5439,0,2414,MT,CO,6904
1669,283,3997,0,264,UT,CO,1177
1670,283,4173,0,247,CO,UT,1177
1671,411,4465,0,2603,CO,UT,6700
1672,862,6697,468,8385,CO,TX,0A875
1673,1754,12057,26489,7873,CO,MA,6725
1674,639,5020,10150,6700,CO,AZ,6725
1675,680,5574,0,7902,MN,CO,6460
1676,888,6522,0,9398,CO,IL,6830
1677,230,2361,0,2116,WY,CO,6904
1678,679,5874,0,2581,CO,MT,6904
1679,1754,13613,0,7738,MA,CO,6673
1680,1754,11857,0,7713,CO,MA,6673
1681,391,3714,574,5771,CO,UT,1260
1682,391,3375,14660,5631,UT,CO,1260
1683,533,4895,0,3687,MO,CO,7041
1684,73,1004,0,3772,CO,CO,6700
1685,391,3693,0,4104,CO,UT,6700
1686,737,5698,0,2578,CA,CO,6700
1687,391,3388,0,3746,UT,CO,6700
1688,991,7920,4198,6906,CO,OR,0A875
1689,628,4893,388,8272,NV,CO,0A875
1690,770,5427,11838,9769,CO,MO,6725
1691,541,4043,12709,7503,CO,OK,6725
1692,680,5231,0,8258,CO,MN,6460
1693,230,2394,0,2362,CO,WY,6904
1694,770,5745,0,2640,CO,MO,6904
1695,1709,12315,2772,8248,CO,FL,0A050
1696,1558,12329,1876,8000,PA,CO,0A050
1697,852,6675,0,2554,WA,CO,6700
1698,517,4484,0,2615,UT,CO,6700
1699,455,3867,1582,5383,MT,CO,0A875
1700,455,3876,6867,6189,CO,MT,0A875
1701,888,7626,3784,9954,IL,CO,0A875
1702,1069,8838,0,9470,KY,CO,6460
1703,862,6792,0,11739,CO,TX,6460
1704,1546,10955,0,12093,CO,FL,6460
1705,862,6953,0,12625,TX,CO,6460
1706,862,6554,0,9957,CA,CO,6460
1707,628,5165,0,9401,CO,NV,6830
1708,888,7349,0,9995,IL,CO,6830
1709,576,4929,0,2200,CO,ND,6904
1710,576,5029,0,2374,ND,CO,6904
1711,602,5169,2826,8320,CO,AZ,0A050
1712,1709,13558,7877,7971,FL,CO,0A050
1713,602,4832,646,8619,AZ,CO,0A050
1714,737,6194,0,1761,CO,CA,6700
1715,563,4997,0,2436,CO,TX,6700
1716,852,7736,0,2397,CO,WA,6700
1717,517,4689,0,2645,CO,UT,6700
1718,353,3230,0,3386,CO,AZ,6700
1719,563,5191,0,2410,TX,CO,6700
1720,438,4171,0,3171,CO,AZ,6700
1721,353,3055,0,3310,AZ,CO,6700
1722,438,3649,0,3196,AZ,CO,6700
1723,1754,13970,4761,10011,MA,CO,0A875
1724,628,5305,821,9290,CO,NV,0A875
1725,1069,7943,0,9170,CO,KY,6460
1726,628,5335,0,9390,CO,NV,6460
1727,862,7043,0,10202,CO,CA,6460
1728,967,7989,0,10040,CO,CA,6460
1729,628,5034,0,9769,NV,CO,6460
1730,1546,12267,0,13187,FL,CO,6460
1731,967,7191,0,10251,CA,CO,6460
1732,628,4960,0,9627,NV,CO,6830
1733,303,2838,0,2567,CO,NM,6904
1734,303,3216,0,2625,NM,CO,6904
1735,1558,11634,425,10642,CO,PA,0A050
1736,1154,9927,33657,8200,OH,CO,6725
1737,957,7871,10426,7814,CO,CA,6725
1738,1024,9049,47936,7995,CO,WA,6725
1739,770,6969,0,3905,MO,CO,7041
1740,1754,14982,45759,8179,MA,CO,6725
1741,230,2370,0,3039,CO,WY,7041
1742,639,6016,0,2909,CO,AZ,6700
1743,230,2471,0,3257,WY,CO,7041
1744,1506,12493,21268,10585,FL,CO,6725
1745,212,2624,0,2600,CO,CO,6904
1746,1620,14488,1025,10685,NY,CO,0A875
1747,212,2481,0,2586,CO,CO,6904
1748,1605,12718,24015,9640,CO,NJ,0A875
1749,624,6097,0,2787,CO,MT,6700
1750,624,5628,0,2393,MT,CO,6700
1751,1452,11072,5354,10852,CO,VA,0A875
1752,991,8050,2863,7912,OR,CO,0A875
1753,862,7957,4503,10280,TX,CO,0A875
1754,602,5257,20291,10749,AZ,CO,6725
1755,844,8099,0,2710,CO,CA,6700
1756,212,2572,0,2496,CO,CO,6700
1757,212,2788,0,2345,CO,CO,6700
1758,967,9054,4010,8437,CO,CA,0A875
1759,680,6334,3928,8081,CO,MN,0A875
1760,967,8327,10734,9050,CA,CO,0A875
1761,1605,13226,21837,8701,CO,NJ,6725
1762,602,6031,4411,9871,CO,AZ,6725
1763,896,7858,10688,9408,CO,WI,6725
1764,1754,15000,12356,11333,CO,MA,0A875
1765,300,3392,0,3000,CO,SD,6904
1766,516,5576,0,2544,ND,CO,6904
1767,883,8960,35022,9909,TX,CO,6725
1768,853,8008,13999,11877,CA,CO,6725
1769,516,5351,0,2893,CO,ND,6904
1770,957,9572,35520,9705,CO,CA,6725
1771,495,5525,5058,8844,OK,CO,6725
1772,391,4368,0,4391,UT,CO,6003
1773,1452,12594,39030,10120,CO,VA,6725
1774,300,3922,0,2700,SD,CO,6904
1775,495,5183,12305,8432,CO,OK,6725
1776,991,10619,24442,12212,CO,OR,6725
1777,794,8363,5589,10296,TX,CO,6725
1778,1024,11073,55543,12180,CO,WA,6725
1779,627,7266,0,2362,ND,CO,6700
1780,1620,14968,440,11953,CO,NY,0A875
1781,179,4024,0,530,CO,CO,1177
1782,109,2369,0,236,CO,CO,6932
1783,109,2327,0,231,CO,CO,6932
1784,179,3711,0,506,CO,CO,1177
1785,991,9848,40512,10611,OR,CO,6725
1786,896,9992,10486,10537,WI,CO,6725
1787,349,4293,9139,10387,NM,CO,6725
1788,1024,9909,45174,12319,WA,CO,6031
1789,862,8866,4464,11879,CO,TX,0A875
1790,846,8668,637,11062,CA,CO,0A875
1791,1024,11562,3157,12963,CO,WA,6031
1792,846,9055,1578,10909,CO,CA,0A875
1793,862,9325,3603,12461,CO,CA,0A875
1794,1476,16280,0,13523,VA,CO,6460
1795,1620,18071,277,12628,NY,CO,0A875
1796,967,9493,18223,12784,CA,CO,0A875
1797,888,9497,3553,9842,IL,CO,0A050
1798,627,7132,0,2780,CO,ND,6700
1799,967,10648,6730,12112,CO,CA,0A875
1800,1476,14191,0,13293,CO,VA,6460
1801,883,9045,15791,9579,CO,TX,6725
1802,888,8812,1395,8618,CO,IL,0A050
1803,794,8277,4577,10664,CO,TX,6725
1804,1620,15994,455,13447,CO,NY,0A875
1805,862,9106,37088,13890,CA,CO,0A875
1806,1452,16479,3708,13876,VA,CO,0A875
1807,349,4250,5786,9727,CO,NM,6725
1808,850,10030,5342,10912,CO,CA,6725
1809,977,9585,19869,10509,CO,IN,6725
1810,850,8889,8337,10876,CA,CO,6725
1811,1620,17692,31623,10491,NY,CO,6725
1812,472,5217,13174,11440,CO,NE,6725
1813,472,6169,2474,10802,NE,CO,6725
1814,883,9595,10507,13559,CO,TX,6725
1815,1491,14799,25831,10038,CO,MD,6725
1816,1199,13716,31675,14138,GA,CO,6725
1817,391,5253,0,5933,UT,CO,6700
1818,1605,16083,16135,13156,CO,NJ,0A875
1819,216,3539,0,3831,CO,UT,6700
1820,770,8077,6941,11518,CO,MO,6725
1821,216,3299,0,3801,UT,CO,6700
1822,1546,17827,26897,11793,FL,CO,6725
1823,967,11154,0,9926,CO,CA,1006
1824,967,9940,0,11057,CA,CO,1006
1825,1546,16032,23828,13995,CO,FL,6725
1826,1014,12221,48139,11708,TN,CO,6725
1827,458,6001,0,3407,ID,CO,6700
1828,948,10763,24710,11541,CA,CO,6725
1829,862,10365,1318,9410,CO,CA,0A050
1830,458,6703,0,3526,CO,ID,6700
1831,1491,15411,43786,13200,CO,MD,6725
1832,773,9603,534,5376,TX,CO,6820
1833,674,7657,1560,5087,CO,TX,6689
1834,773,8849,639,5171,CO,TX,6820
1835,862,9784,1832,9969,CA,CO,0A050
1836,674,8082,4,5630,TX,CO,6689
1837,957,10840,25628,11998,CA,CO,6725
1838,73,1873,0,5911,CO,CO,6700
1839,1024,11689,3662,13073,WA,CO,0A875
1840,888,10638,888,12937,CO,IL,0A050
1841,888,11673,9661,13418,IL,CO,0A050
1842,1024,12032,30015,12588,WA,CO,6725
1843,883,11610,31990,15853,TX,CO,6725
1844,1014,12072,18634,12290,CO,TN,6725
1845,967,12980,50293,13038,CO,CA,6725
1846,1199,14467,12117,12813,CO,GA,6725
1847,1024,13301,0,7063,WA,CO,6700
1848,1605,22180,10513,15891,NJ,CO,0A875
1849,1024,15747,0,7262,CO,WA,6700
1850,844,11619,0,4373,CA,CO,6700
1851,967,13480,2803,13560,CO,CA,0A875
1852,770,11527,25486,13754,MO,CO,6725
1853,977,14127,45989,13816,IN,CO,6725
1854,1024,15044,8100,14717,CO,WA,0A875
1855,853,11640,23249,13849,CA,CO,6725
1856,775,10558,8150,13592,CO,TX,6725
1857,948,14127,6591,13584,CO,CA,6725
1858,391,7066,0,7633,CO,UT,6700
1859,775,11719,17680,14803,TX,CO,6725
1860,250,5054,0,6090,CO,CO,7041
1861,250,5265,0,6129,CO,CO,7041
1862,909,14503,15210,14048,CO,CA,6725
1863,895,14549,50091,15001,IL,CO,6725
1864,967,13709,31358,15815,CA,CO,0A875
1865,909,13545,36110,15625,CA,CO,6725
1866,592,9404,0,14255,CO,TX,0A050
1867,592,10210,1,14678,TX,CO,0A050
1868,895,13622,28560,19851,CO,IL,6725
1869,967,14744,36751,16528,CA,CO,6725
1870,1491,26297,43848,19734,MD,CO,6725
1871,73,2532,0,5618,CO,CO,6700
1872,862,15176,19354,18031,TX,CO,0A875
1873,680,11728,33389,17542,CO,MN,6725
1874,853,15410,4682,17304,CO,CA,6725
1875,680,12896,44521,17356,MN,CO,6725
1876,73,2356,0,5616,CO,CO,6700
1877,1452,27351,5492,21180,VA,CO,0A875
1878,862,15907,0,9952,CA,CO,6700
1879,862,16874,0,9644,CO,CA,6700
1880,846,16501,9744,18123,CO,CA,6725
1881,846,15598,18667,18540,CA,CO,6725
1882,1199,22729,18075,21790,GA,CO,1260
1883,391,9051,92042,18725,CO,UT,6725
1884,895,16115,29343,18170,CO,IL,6725
1885,1199,21350,14547,21215,CO,GA,1260
1886,1452,24609,28347,22682,CO,VA,0A875
1887,680,13496,8777,22113,CO,MN,1260
1888,680,14719,27440,22892,MN,CO,1260
1889,895,19112,62523,24270,IL,CO,6725
1890,651,13469,35007,18575,CO,TX,6725
1891,391,9154,57317,20414,UT,CO,6725
1892,651,15355,45317,21532,TX,CO,6725
1893,862,18641,12202,21654,CO,TX,0A875
1894,862,18811,142094,23055,CA,CO,6725
1895,862,20327,55050,23511,CO,CA,6725
1896,125,5119,0,7698,CO,CO,6700
1897,125,4771,0,9173,CO,CO,6700
1898,533,14790,26103,24267,MO,CO,6725
1899,1337,32669,10717,30654,NC,CO,0A050
1900,1337,28726,4059,30124,CO,NC,0A050
1901,533,13269,22029,24681,CO,MO,6725
1902,602,17990,39128,27616,CO,AZ,6725
1903,602,17082,47129,27878,AZ,CO,6725
1904,628,17909,36027,28061,NV,CO,6725
1905,888,27055,40711,33287,IL,CO,0A875
1906,641,20059,6733,37440,CO,TX,0A050
1907,888,26103,66501,34857,CO,IL,0A875
1908,628,22502,28035,31619,CO,NV,6725
1909,641,24413,24641,43885,TX,CO,0A050
